[25.50658441 -1.33222281 -0.66470606]
[25.51002302 -1.32182494 -0.54222178]
[25.51177183 -1.31200222 -0.48025866]
[25.52327499 -1.16714598 -0.0519998 ]
[25.5230847  -1.15981342  0.17169849]
[25.52324705 -1.09847329  0.39964565]
[25.52359203 -1.06623128  0.46032665]
[25.51486608 -0.60125628  1.19691256]
[25.51983912 -0.73920509  0.99693879]
[25.51913303 -0.81705451  0.95329487]
[25.51768687 -0.8846875   0.93138872]
[25.51347327 -1.03470878  0.89138062]
[25.50359038 -1.09835434  1.07842263]
[25.4894199  -1.23914821  1.24759165]
[25.48087756 -1.25492881  1.39733039]
[25.46974072 -1.33394645  1.52164212]
[25.45696293 -1.4148593   1.65641524]
[25.42397769 -1.48281475  2.05550933]
[25.34299227 -1.33183249  2.95997717]
[25.25344234 -1.16378968  3.70293713]
[25.03923438 -0.91604016  5.00001119]
[24.79547162 -0.6718654   6.12663726]
[24.08291471 -0.09555329  8.5326777 ]
[23.64991383 -0.04421513  9.66861524]
[23.03454183 -0.10261087 11.05449472]
[22.68066747 -0.06019974 11.76376636]
[ 2.20662476e+01 -1.07949375e-02  1.28795614e+01]
[21.51870984 -0.04631939 13.77481329]
[20.94172049 -0.15978559 14.63630115]
[20.54575627 -0.99723415 15.1551946 ]
[20.27632293 -1.08189913 15.50815021]
[19.57623883 -1.3385957  16.36403175]
[18.65253718 -1.46275695 17.39958904]
[18.24735408 -1.47082076 17.82339068]
[17.3138679  -1.3895408  18.73770676]
[16.38708052 -1.29651772 19.55978358]
[14.70827215 -1.09187002 20.86329433]
[11.88115258 -0.79105366 22.60563973]
[11.02428456 -0.66114795 23.03975984]
[10.67454392 -0.65396943 23.20407154]
[10.09905598 -0.49693293 23.46411358]
[ 9.52360528 -0.32305981 23.70651967]
[ 8.83999361 -0.13157049 23.97164371]
[ 8.02400568  0.08111345 24.25718973]
[ 7.47501497  0.19231606 24.4313255 ]
[ 6.50621227  0.40778134 24.70436027]
[ 5.54634052  0.54311844 24.93482764]
[ 3.9231249   0.74739124 25.23594653]
[ 3.13042962  0.90373586 25.34139246]
[ 2.40463861  1.0385907  25.41538004]
[ 2.09637937  1.10315926 25.43994366]
[ 1.41331131  1.24009374 25.48072249]
[ 0.78176822  1.35502533 25.50206354]
[ 0.18954428  1.49671446 25.5054194 ]
[-0.48840379  1.70066556 25.48865823]
[-0.88634391  1.77104103 25.47312914]
[-1.42969303  1.84397659 25.44323541]
[-1.9959986   1.9171418  25.39966647]
[-2.52178959  1.96387126 25.34928573]
[-3.0027701   2.02632882 25.29189323]
[-3.55696063  2.09794378 25.21406677]
[-3.90491812  2.14352295 25.15868486]
[-4.42580217  2.2283116  25.0649038 ]
[-4.96522165  2.32546878 24.95478449]
[-5.2963357   2.36005707 24.88335706]
[-5.75794556  2.41920097 24.77490726]
[-6.17936023  2.47136386 24.66800291]
[-6.61202657  2.48879325 24.55380852]
[-7.02336286  2.54628212 24.43340585]
[-7.25346298  2.52849511 24.36793974]
[-7.76170077  2.53625859 24.21003704]
[-8.51687268  2.63340719 23.9443218 ]
[-9.85533758  2.82848797 23.40244596]
[-10.97279832   2.9850589   22.87989555]
[-11.60003234   3.07736687  22.55596513]
[-11.91817069   3.1226622   22.38322336]
[-12.40659056   3.14658937  22.11284663]
[-12.96882376   3.18477679  21.78231639]
[-13.58404921   3.22736993  21.39766788]
[-14.27554155   3.28688284  20.93341383]
[-14.72595039   3.3093137   20.61546333]
[-15.69497075   3.4325751   19.86675166]
[-16.362324     3.50782398  19.30730494]
[-16.62593843   3.56324865  19.07049895]
[-17.01627558   3.53344228  18.72868524]
[-17.64264032   3.52192945  18.14209898]
[-18.01441662   3.49892742  17.77753641]
[-18.41857362   3.45269534  17.36771547]
[-18.57131516   3.39369386  17.21602728]
[-18.71878917   3.36347952  17.06154851]
[-19.02258636   3.3482246   16.72522348]
[-19.0313399    3.36339874  16.71221561]
[-19.16877797   3.29139983  16.5688605 ]
[-19.37254515   3.27685111  16.33307201]
[-19.56429645   3.2480964   16.10871423]
[-19.75599736   3.22077255  15.87859227]
[-19.8418676    3.20033759  15.7753171 ]
[-19.9957322    3.14866631  15.5903526 ]
[-20.12488391   3.14673331  15.42367068]
[-20.24574186   3.11841306  15.27049235]
[-20.28494814   3.05452113  15.2313256 ]
[-20.43215279   3.03737277  15.03675493]
[-20.58853992   3.0396174   14.82144561]
[-20.73411071   3.02932402  14.61924584]
[-20.84682222   3.04412792  14.45495723]
[-20.91392527   3.03113562  14.3604473 ]
[-21.13871489   2.96987122  14.04055189]
[-21.31562911   2.99097518  13.76591889]
[-21.62263384   2.9885482   13.27903557]
[-21.80545216   3.01465239  12.97060628]
[-22.09608012   2.94453016  12.48581137]
[-22.19678644   2.92820156  12.30978503]
[-22.37172306   2.89410458  11.99719408]
[-22.53255633   2.85794861  11.70121939]
[-22.67967694   2.81665655  11.42371216]
[-22.82480537   2.78368802  11.13920288]
[-22.88173036   2.77151859  11.02486284]
[-22.97542152   2.72952287  10.83892111]
[-23.06875657   2.70493643  10.64510636]
[-23.33863296   2.71709725  10.03633869]
[-23.64767735   2.73102205   9.28069903]
[-23.77841497   2.73993606   8.93768604]
[-23.83765245   2.74637951   8.77645859]
[-23.92456193   2.74374804   8.53754551]
[-24.00457775   2.73945243   8.31132645]
[-24.07590229   2.73367398   8.10434795]
[-24.15464788   2.73994978   7.86436019]
[-24.19335544   2.73843612   7.74499967]
[-24.24435536   2.72617473   7.58826098]
[-24.29772441   2.72033328   7.41774058]
[-24.35266176   2.64287506   7.2639918 ]
[-24.39701275   2.64061154   7.11445287]
[-24.44402551   2.6322841    6.95436534]
[-24.46638435   2.58698467   6.89246308]
[-24.5046338    2.59623084   6.75166702]
[-24.53617328   2.59224437   6.63769313]
[-24.57692594   2.59732787   6.48313963]
[-24.5969146    2.59230795   6.40891813]
[-24.60160453   2.5909555    6.39143993]
[-24.61621392   2.5953273    6.33314996]
[-24.64190178   2.58740172   6.23574607]
[-24.66112039   2.5673813    6.16767335]
[-24.6768393    2.57379278   6.10177784]
[-24.68407911   2.56111378   6.07778205]
[-24.69582966   2.55045862   6.03437304]
[-24.70979681   2.54686235   5.97845581]
[-24.73040109   2.54565507   5.89316572]
[-24.74231901   2.55198833   5.84016315]
[-24.76234892   2.53924906   5.76027692]
[-24.77130749   2.53239557   5.72466574]
[-24.77626158   2.52071534   5.70835847]
[-24.78453995   2.51464136   5.67500294]
[-24.7855886    2.52267627   5.66685116]
[-24.79938013   2.51188363   5.6110325 ]
[-24.81381301   2.49681139   5.55365798]
[-24.82773865   2.47471431   5.50106197]
[-24.83768617   2.47457641   5.45603496]
[-24.83965846   2.47998623   5.44458775]
[-24.84243698   2.48285533   5.43058509]
[-24.84071144   2.49483245   5.43298868]
[-24.83490237   2.52033282   5.44775613]
[-24.83169188   2.53236855   5.45680199]
[-24.83527979   2.53639065   5.4385752 ]
[-24.83508495   2.54603525   5.43495721]
[-24.86437285   2.5510212    5.29695702]
[-24.87944733   2.54343906   5.22938986]
[-24.88461109   2.5504692    5.20132078]
[-24.89006603   2.55850509   5.17118602]
[-24.8922468    2.56121682   5.15933306]
[-24.8878766    2.55780925   5.18205655]
[-24.89497265   2.55771722   5.14790438]
[-24.8997453    2.56125875   5.12300085]
[-24.90342605   2.56066865   5.10537433]
[-24.90497873   2.57564488   5.09024439]
[-24.90984738   2.56886388   5.06980688]
[-24.91963831   2.55093715   5.03059105]
[-24.92431183   2.54563211   5.01008351]
[-24.92960634   2.55844147   4.97710807]
[-24.93278338   2.56846963   4.95598391]
[-24.93621229   2.5708282    4.93747498]
[-24.94132651   2.56822139   4.91293912]
[-24.94741753   2.56973676   4.88111788]
[-24.95384472   2.56284777   4.8517981 ]
[-24.96106502   2.57547598   4.80777043]
[-24.9636734    2.57531238   4.79429627]
[-24.9697956    2.56998995   4.76518197]
[-24.98069723   2.56284453   4.71159141]
[-24.98770823   2.55627138   4.67786428]
[-24.99059151   2.56162911   4.65949485]
[-24.99488013   2.55207226   4.64170166]
[-24.99811015   2.5407665    4.63049615]
[-25.00098893   2.54242288   4.61401543]
[-25.00411988   2.53482424   4.60121235]
[-25.00417421   2.52946449   4.60386593]
[-25.00499786   2.53430601   4.5967244 ]
[-25.00251968   2.53816589   4.6080607 ]
[-25.00119219   2.54394969   4.61207212]
[-25.00266123   2.55047457   4.60049027]
[-25.0066954    2.53862429   4.58509234]
[-25.00960345   2.54330922   4.56659757]
[-25.01221652   2.54175826   4.55312968]
[-25.01317896   2.54054186   4.54851901]
[-25.01564245   2.56522678   4.52103356]
[-25.02048022   2.56122943   4.49646232]
[-25.02485857   2.55798271   4.47388847]
[-25.02606624   2.57596332   4.45678378]
[-25.02729935   2.57553447   4.45010219]
[-25.02901645   2.57914125   4.43834045]
[-25.03171292   2.56131743   4.4334525 ]
[-25.03265025   2.56013122   4.42884291]
[-25.03171292   2.56131743   4.4334525 ]
[-25.03246643   2.54672856   4.43760047]
[-25.03331501   2.54621365   4.43310679]
[-25.03334549   2.54072459   4.43608297]
[-25.03474321   2.56194854   4.41594292]
[-25.03995834   2.58324024   4.37376913]
[-25.04277282   2.55921696   4.37177742]
[-25.03643364   2.5912641    4.38917312]
[-25.04394721   2.55143769   4.36959653]
[-25.04648165   2.53975635   4.36186826]
[-25.04862208   2.55314959   4.34171155]
[-25.05001436   2.56064916   4.32924434]
[-25.05245606   2.54961966   4.32161831]
[-25.05232576   2.5604192    4.31598509]
[-25.0553053    2.54815737   4.30593432]
[-25.05589688   2.5413976    4.30648696]
[-25.05726892   2.54428526   4.29678795]
[-25.05703944   2.54649455   4.29681745]
[-25.05927562   2.53871838   4.28836967]
[-25.05899354   2.53800946   4.29043715]
[-25.06009666   2.53821073   4.28386996]
[-25.06190708   2.5359197    4.27462569]
[-25.06317684   2.53484443   4.2678133 ]
[-25.06498216   2.53718643   4.25580245]
[-25.06677736   2.52568154   4.25207075]
[-25.06890434   2.51393592   4.24648814]
[-25.06952318   2.51210914   4.24391511]
[-25.07279302   2.49735564   4.23329246]
[-25.07337103   2.48597059   4.2365688 ]
[-25.07065198   2.48211635   4.25488048]
[-25.07244097   2.47524519   4.24833675]
[-25.07571902   2.4630931    4.23603448]
[-25.07723778   2.464797     4.22604083]
[-25.07776923   2.46361652   4.2235748 ]
[-25.07776302   2.45898616   4.22630916]
[-25.07677201   2.46277306   4.22998282]
[-25.07820916   2.45843229   4.22398341]
[-25.07906059   2.47217387   4.21088784]
[-25.08133039   2.48158034   4.19179258]
[-25.08305709   2.49215282   4.17515522]
[-25.08507808   2.49990141   4.15834708]
[-25.08598457   2.51094087   4.14620959]
[-25.08633976   2.51100599   4.14402058]
[-25.08653992   2.51729092   4.13899281]
[-25.08628694   2.52873786   4.1335448 ]
[-25.08765543   2.54283603   4.11655559]
[-25.09102958   2.5329457    4.10206299]
[-25.0903879    2.53684156   4.10358013]
[-25.09224771   2.53192544   4.09523607]
[-25.09473388   2.51678494   4.08933065]
[-25.09896794   2.51906503   4.06184928]
[-25.10813895   2.51854129   4.00509777]
[-25.11530583   2.53146541   3.95165739]
[-25.11565703   2.5406699    3.94350965]
[-25.12051902   2.53049493   3.91900747]
[-25.11957861   2.5211475    3.93104132]
[-25.1212311    2.51856962   3.92212381]
[-25.12287507   2.50734094   3.91878679]
[-25.12164494   2.51805876   3.91980048]
[-25.12389494   2.5166693    3.90624869]
[-25.1257264   2.5157895   3.8950194]
[-25.12699533   2.517074     3.88599335]
[-25.12650379   2.52678057   3.88287103]
[-25.1244106    2.53391713   3.89175487]
[-25.12347268   2.54064002   3.89342636]
[-25.12264998   2.54165939   3.89806692]
[-25.12073946   2.54310711   3.90941878]
[-25.12062333   2.54825966   3.90680895]
[-25.12077729   2.53796687   3.91251487]
[-25.11901119   2.53830877   3.92361639]
[-25.12010165   2.5378814    3.91690581]
[-25.12216515   2.52613344   3.91126167]
[-25.12350685   2.51025705   3.91286508]
[-25.12343094   2.51081322   3.91299563]
[-25.12402349   2.50404887   3.91352562]
[-25.12544739   2.50365899   3.90462355]
[-25.12503484   2.50417282   3.90694799]
[-25.12397989   2.5000068    3.91638868]
[-25.12532011   2.49276976   3.91240185]
[-25.12677472   2.48778057   3.90623093]
[-25.1268507    2.48722608   3.90609531]
[-25.12451264   2.5029792    3.9110689 ]
[-25.12233498   2.50383399   3.92448729]
[-25.12130512   2.49505555   3.93665173]
[-25.12356493   2.49364703   3.9230995 ]
[-25.12282555   2.50276163   3.92203018]
[-25.12189465   2.50948125   3.92369888]
[-25.123577     2.50229288   3.91751315]
[-25.12405543   2.49257606   3.92063813]
[-25.12330361   2.49304357   3.92515602]
[-25.12400997   2.48853072   3.92349818]
[-25.12293423   2.49760123   3.92462273]
[-25.12544765   2.49679905   3.90901201]
[-25.1265662    2.49177336   3.90502707]
[-25.12524247   2.48645779   3.9169144 ]
[-25.12451068   2.48179408   3.92455872]
[-25.12432898   2.48751061   3.92210205]
[-25.12218368   2.51182419   3.92034775]
[-25.12383913   2.51661366   3.90664346]
[-25.12181851   2.52377977   3.9150058 ]
[-25.12084806   2.53509809   3.91392007]
[-25.12298616   2.53880775   3.89775855]
[-25.12242049   2.54960943   3.89435237]
[-25.12299863   2.5668074    3.87929629]
[-25.12549368   2.56595379   3.86367035]
[-25.12528219   2.56021458   3.86884945]
[-25.12352209   2.56797435   3.87513167]
[-25.12388592   2.57204519   3.87006972]
[-25.12217424   2.58787865   3.87062599]
[-25.12291863   2.58739864   3.86611275]
[-25.12378491   2.58178888   3.86423315]
[-25.1264915    2.57930332   3.84826186]
[-25.12797042   2.57835269   3.83923169]
[-25.12691976   2.58283801   3.84309135]
[-25.1276375    2.57831981   3.84143209]
[-25.12870862   2.57787784   3.83471631]
[-25.12758575   2.58290414   3.83868997]
[-25.12598219   2.58898031   3.84508777]
[-25.1255539    2.58544959   3.85025861]
[-25.12312224   2.5931389    3.86094026]
[-25.1255539    2.58544959   3.85025861]
[-25.12810173   2.57263612   3.84220597]
[-25.12996109   2.56713119   3.83371789]
[-25.13133933   2.56267113   3.82766248]
[-25.12996109   2.56713119   3.83371789]
[-25.13100736   2.56264072   3.82986181]
[-25.13242873   2.56626971   3.8180867 ]
[-25.13349384   2.56582213   3.8113704 ]
[-25.13481532   2.56593358   3.80257064]
[-25.13494748   2.56020634   3.8055563 ]
[-25.13221148   2.56787673   3.81843623]
[-25.13317254   2.57658147   3.80622725]
[-25.13463703   2.57562145   3.79719575]
[-25.12793912   2.58108522   3.83760014]
[-25.12916409   2.57895858   3.83100308]
[-25.128426     2.57944024   3.83551751]
[-25.12704476   2.57124221   3.85004351]
[-25.12672049   2.58261886   3.84454122]
[-25.1288583    2.5703087    3.83881408]
[-25.12839212   2.56399553   3.84608064]
[-25.12731759   2.56444658   3.85279438]
[-25.12537334   2.5710844    3.86104124]
[-25.12611579   2.57060446   3.8565267 ]
[-25.12541996   2.56649965   3.86378716]
[-25.12515888   2.56592006   3.86586932]
[-25.12582833   2.5659871    3.86147133]
[-25.12403356   2.57095064   3.86983853]
[-25.12403356   2.57095064   3.86983853]
[-25.12537334   2.5710844    3.86104124]
